rebecca = computer = you_silly = Oups…